synthetic-slope-elliptic-hemisphere/constant/gisdata/dem.asc
ncols 101
nrows 101
xllcorner -1000.0
yllcorner -1000.0
cellsize 20.0
NODATA_value -9999
[rows 0 to 30 of 101, columns 0 to 69 of 101]
2000.0 1980.0 1960.0 1940.0 1920.0 1900.0 1880.0 1860.0 1840.0 1820.0 1800.0 1780.0 1760.0 1740.0 1720.0 1700.0 1680.0 1660.0 1640.0 1620.0 1600.0 1580.0 1560.0 1540.0 1520.0 1500.0 1480.0 1460.0 1440.0 1420.0 1400.0 1380.0 1360.0 1340.0 1320.0 1300.0 1280.0 1260.0 1240.0 1220.0 1200.0 1180.0 1160.0 1140.0 1120.0 1100.0 1080.0 1060.0 1040.0 1020.0 1000.0 980.0 960.0 940.0 920.0 900.0 880.0 860.0 840.0 820.0 800.0 780.0 760.0 740.0 720.0 700.0 680.0 660.0 640.0 620.0
2000.0 1980.0 1960.0 1940.0 1920.0 1900.0 1880.0 1860.0 1840.0 1820.0 1800.0 1780.0 1760.0 1740.0 1720.0 1700.0 1680.0 1660.0 1640.0 1620.0 1600.0 1580.0 1560.0 1540.0 1520.0 1500.0 1480.0 1460.0 1440.0 1420.0 1400.0 1380.0 1360.0 1340.0 1320.0 1300.0 1280.0 1260.0 1240.0 1220.0 1200.0 1180.0 1160.0 1140.0 1120.0 1100.0 1080.0 1060.0 1040.0 1020.0 1000.0 980.0 960.0 940.0 920.0 900.0 880.0 860.0 840.0 820.0 800.0 780.0 760.0 740.0 720.0 700.0 680.0 660.0 640.0 620.0
2000.0 1980.0 1960.0 1940.0 1920.0 1900.0 1880.0 1860.0 1840.0 1820.0 1800.0 1780.0 1760.0 1740.0 1720.0 1700.0 1680.0 1660.0 1640.0 1620.0 1600.0 1580.0 1560.0 1540.0 1520.0 1500.0 1480.0 1460.0 1440.0 1420.0 1400.0 1380.0 1360.0 1340.0 1320.0 1300.0 1280.0 1260.0 1240.0 1220.0 1200.0 1180.0 1160.0 1140.0 1120.0 1100.0 1080.0 1060.0 1040.0 1020.0 1000.0 980.0 960.0 940.0 920.0 900.0 880.0 860.0 840.0 820.0 800.0 780.0 760.0 740.0 720.0 700.0 680.0 660.0 640.0 620.0
2000.0 1980.0 1960.0 1940.0 1920.0 1900.0 1880.0 1860.0 1840.0 1820.0 1800.0 1780.0 1760.0 1740.0 1720.0 1700.0 1680.0 1660.0 1640.0 1620.0 1600.0 1580.0 1560.0 1540.0 1520.0 1500.0 1480.0 1460.0 1440.0 1420.0 1400.0 1380.0 1360.0 1340.0 1320.0 1300.0 1280.0 1260.0 1240.0 1220.0 1200.0 1180.0 1160.0 1140.0 1120.0 1100.0 1080.0 1060.0 1040.0 1020.0 1000.0 980.0 960.0 940.0 920.0 900.0 880.0 860.0 840.0 820.0 800.0 780.0 760.0 740.0 720.0 700.0 680.0 660.0 640.0 620.0
2000.0 1980.0 1960.0 1940.0 1920.0 1900.0 1880.0 1860.0 1840.0 1820.0 1800.0 1780.0 1760.0 1740.0 1720.0 1700.0 1680.0 1660.0 1640.0 1620.0 1600.0 1580.0 1560.0 1540.0 1520.0 1500.0 1480.0 1460.0 1440.0 1420.0 1400.0 1380.0 1360.0 1340.0 1320.0 1300.0 1280.0 1260.0 1240.0 1220.0 1200.0 1180.0 1160.0 1140.0 1120.0 1100.0 1080.0 1060.0 1040.0 1020.0 1000.0 980.0 960.0 940.0 920.0 900.0 880.0 860.0 840.0 820.0 800.0 780.0 760.0 740.0 720.0 700.0 680.0 660.0 640.0 620.0
2000.0 1980.0 1960.0 1940.0 1920.0 1900.0 1880.0 1860.0 1840.0 1820.0 1800.0 1780.0 1760.0 1740.0 1720.0 1700.0 1680.0 1660.0 1640.0 1620.0 1600.0 1580.0 1560.0 1540.0 1520.0 1500.0 1480.0 1460.0 1440.0 1420.0 1400.0 1380.0 1360.0 1340.0 1320.0 1300.0 1280.0 1260.0 1240.0 1220.0 1200.0 1180.0 1160.0 1140.0 1120.0 1100.0 1080.0 1060.0 1040.0 1020.0 1000.0 980.0 960.0 940.0 920.0 900.0 880.0 860.0 840.0 820.0 800.0 780.0 760.0 740.0 720.0 700.0 680.0 660.0 640.0 620.0
2000.0 1980.0 1960.0 1940.0 1920.0 1900.0 1880.0 1860.0 1840.0 1820.0 1800.0 1780.0 1760.0 1740.0 1720.0 1700.0 1680.0 1660.0 1640.0 1620.0 1600.0 1580.0 1560.0 1540.0 1520.0 1500.0 1480.0 1460.0 1440.0 1420.0 1400.0 1380.0 1360.0 1340.0 1320.0 1300.0 1280.0 1260.0 1240.0 1220.0 1200.0 1180.0 1160.0 1140.0 1120.0 1100.0 1080.0 1060.0 1040.0 1020.0 1000.0 980.0 960.0 940.0 920.0 900.0 880.0 860.0 840.0 820.0 800.0 780.0 760.0 740.0 720.0 700.0 680.0 660.0 640.0 620.0
2000.0 1980.0 1960.0 1940.0 1920.0 1900.0 1880.0 1860.0 1840.0 1820.0 1800.0 1780.0 1760.0 1740.0 1720.0 1700.0 1680.0 1660.0 1640.0 1620.0 1600.0 1580.0 1560.0 1540.0 1520.0 1500.0 1480.0 1460.0 1440.0 1420.0 1400.0 1380.0 1360.0 1340.0 1320.0 1300.0 1280.0 1260.0 1240.0 1220.0 1200.0 1180.0 1160.0 1140.0 1120.0 1100.0 1080.0 1060.0 1040.0 1020.0 1000.0 980.0 960.0 940.0 920.0 900.0 880.0 860.0 840.0 820.0 800.0 780.0 760.0 740.0 720.0 700.0 680.0 660.0 640.0 620.0
2000.0 1980.0 1960.0 1940.0 1920.0 1900.0 1880.0 1860.0 1840.0 1820.0 1800.0 1780.0 1760.0 1740.0 1720.0 1700.0 1680.0 1660.0 1640.0 1620.0 1600.0 1580.0 1560.0 1540.0 1520.0 1500.0 1480.0 1460.0 1440.0 1420.0 1400.0 1380.0 1360.0 1340.0 1320.0 1300.0 1280.0 1260.0 1240.0 1220.0 1200.0 1180.0 1160.0 1140.0 1120.0 1100.0 1080.0 1060.0 1040.0 1020.0 1000.0 980.0 960.0 940.0 920.0 900.0 880.0 860.0 840.0 820.0 800.0 780.0 760.0 740.0 720.0 700.0 680.0 660.0 640.0 620.0
2000.0 1980.0 1960.0 1940.0 1920.0 1900.0 1880.0 1860.0 1840.0 1820.0 1800.0 1780.0 1760.0 1740.0 1720.0 1700.0 1680.0 1660.0 1640.0 1620.0 1600.0 1580.0 1560.0 1540.0 1520.0 1500.0 1480.0 1460.0 1440.0 1420.0 1400.0 1380.0 1360.0 1340.0 1320.0 1300.0 1280.0 1260.0 1240.0 1220.0 1200.0 1180.0 1160.0 1140.0 1120.0 1100.0 1080.0 1060.0 1040.0 1020.0 1000.0 980.0 960.0 940.0 920.0 900.0 880.0 860.0 840.0 820.0 800.0 780.0 760.0 740.0 720.0 700.0 680.0 660.0 640.0 620.0
2000.0 1980.0 1960.0 1940.0 1920.0 1900.0 1880.0 1860.0 1840.0 1820.0 1800.0 1780.0 1760.0 1740.0 1720.0 1700.0 1680.0 1660.0 1640.0 1620.0 1600.0 1580.0 1560.0 1540.0 1520.0 1500.0 1480.0 1460.0 1440.0 1420.0 1400.0 1380.0 1360.0 1340.0 1320.0 1300.0 1280.0 1260.0 1240.0 1220.0 1200.0 1180.0 1160.0 1140.0 1120.0 1100.0 1080.0 1060.0 1040.0 1020.0 1000.0 980.0 960.0 940.0 920.0 900.0 880.0 860.0 840.0 820.0 800.0 780.0 760.0 740.0 720.0 700.0 680.0 660.0 640.0 620.0
2000.0 1980.0 1960.0 1940.0 1920.0 1900.0 1880.0 1860.0 1840.0 1820.0 1800.0 1780.0 1760.0 1740.0 1720.0 1700.0 1680.0 1660.0 1640.0 1620.0 1600.0 1580.0 1560.0 1540.0 1520.0 1500.0 1480.0 1460.0 1440.0 1420.0 1400.0 1380.0 1360.0 1340.0 1320.0 1300.0 1280.0 1260.0 1240.0 1220.0 1200.0 1180.0 1160.0 1140.0 1120.0 1100.0 1080.0 1060.0 1040.0 1020.0 1000.0 980.0 960.0 940.0 920.0 900.0 880.0 860.0 840.0 820.0 800.0 780.0 760.0 740.0 720.0 700.0 680.0 660.0 640.0 620.0
2000.0 1980.0 1960.0 1940.0 1920.0 1900.0 1880.0 1860.0 1840.0 1820.0 1800.0 1780.0 1760.0 1740.0 1720.0 1700.0 1680.0 1660.0 1640.0 1620.0 1600.0 1580.0 1560.0 1540.0 1520.0 1500.0 1480.0 1460.0 1440.0 1420.0 1400.0 1380.0 1360.0 1340.0 1320.0 1300.0 1280.0 1260.0 1240.0 1220.0 1200.0 1180.0 1160.0 1140.0 1120.0 1100.0 1080.0 1060.0 1040.0 1020.0 1000.0 980.0 960.0 940.0 920.0 900.0 880.0 860.0 840.0 820.0 800.0 780.0 760.0 740.0 720.0 700.0 680.0 660.0 640.0 620.0
2000.0 1980.0 1960.0 1940.0 1920.0 1900.0 1880.0 1860.0 1840.0 1820.0 1800.0 1780.0 1760.0 1740.0 1720.0 1700.0 1680.0 1660.0 1640.0 1620.0 1600.0 1580.0 1560.0 1540.0 1520.0 1500.0 1480.0 1460.0 1440.0 1420.0 1400.0 1380.0 1360.0 1340.0 1320.0 1300.0 1280.0 1260.0 1240.0 1220.0 1200.0 1180.0 1160.0 1140.0 1120.0 1100.0 1080.0 1060.0 1040.0 1020.0 1000.0 980.0 960.0 940.0 920.0 900.0 880.0 860.0 840.0 820.0 800.0 780.0 760.0 740.0 720.0 700.0 680.0 660.0 640.0 620.0
2000.0 1980.0 1960.0 1940.0 1920.0 1900.0 1880.0 1860.0 1840.0 1820.0 1800.0 1780.0 1760.0 1740.0 1720.0 1700.0 1680.0 1660.0 1640.0 1620.0 1600.0 1580.0 1560.0 1540.0 1520.0 1500.0 1480.0 1460.0 1440.0 1420.0 1400.0 1380.0 1360.0 1340.0 1320.0 1300.0 1280.0 1260.0 1240.0 1220.0 1200.0 1180.0 1160.0 1140.0 1120.0 1100.0 1080.0 1060.0 1040.0 1020.0 1000.0 980.0 960.0 940.0 920.0 900.0 880.0 860.0 840.0 820.0 800.0 780.0 760.0 740.0 720.0 700.0 680.0 660.0 640.0 620.0
2000.0 1980.0 1960.0 1940.0 1920.0 1900.0 1880.0 1860.0 1840.0 1820.0 1800.0 1780.0 1760.0 1740.0 1720.0 1700.0 1680.0 1660.0 1640.0 1620.0 1600.0 1580.0 1560.0 1540.0 1520.0 1500.0 1480.0 1460.0 1440.0 1420.0 1400.0 1380.0 1360.0 1340.0 1320.0 1300.0 1280.0 1260.0 1240.0 1220.0 1200.0 1180.0 1160.0 1140.0 1120.0 1100.0 1080.0 1060.0 1040.0 1020.0 1000.0 980.0 960.0 940.0 920.0 900.0 880.0 860.0 840.0 820.0 800.0 780.0 760.0 740.0 720.0 700.0 680.0 660.0 640.0 620.0
2000.0 1980.0 1960.0 1940.0 1920.0 1900.0 1880.0 1860.0 1840.0 1820.0 1800.0 1780.0 1760.0 1740.0 1720.0 1700.0 1680.0 1660.0 1640.0 1620.0 1600.0 1580.0 1560.0 1540.0 1520.0 1500.0 1480.0 1460.0 1440.0 1420.0 1400.0 1380.0 1360.0 1340.0 1320.0 1300.0 1280.0 1260.0 1240.0 1220.0 1200.0 1180.0 1160.0 1140.0 1120.0 1100.0 1080.0 1060.0 1040.0 1020.0 1000.0 980.0 960.0 940.0 920.0 900.0 880.0 860.0 840.0 820.0 800.0 780.0 760.0 740.0 720.0 700.0 680.0 660.0 640.0 620.0
2000.0 1980.0 1960.0 1940.0 1920.0 1900.0 1880.0 1860.0 1840.0 1820.0 1800.0 1780.0 1760.0 1740.0 1720.0 1700.0 1680.0 1660.0 1640.0 1620.0 1600.0 1580.0 1560.0 1540.0 1520.0 1500.0 1480.0 1460.0 1440.0 1420.0 1400.0 1380.0 1360.0 1340.0 1320.0 1300.0 1280.0 1260.0 1240.0 1220.0 1200.0 1180.0 1160.0 1140.0 1120.0 1100.0 1080.0 1060.0 1040.0 1020.0 1000.0 980.0 960.0 940.0 920.0 900.0 880.0 860.0 840.0 820.0 800.0 780.0 760.0 740.0 720.0 700.0 680.0 660.0 640.0 620.0
2000.0 1980.0 1960.0 1940.0 1920.0 1900.0 1880.0 1860.0 1840.0 1820.0 1800.0 1780.0 1760.0 1740.0 1720.0 1700.0 1680.0 1660.0 1640.0 1620.0 1600.0 1580.0 1560.0 1540.0 1520.0 1500.0 1480.0 1460.0 1440.0 1420.0 1400.0 1380.0 1360.0 1340.0 1320.0 1300.0 1280.0 1260.0 1240.0 1220.0 1200.0 1180.0 1160.0 1140.0 1120.0 1100.0 1080.0 1060.0 1040.0 1020.0 1000.0 980.0 960.0 940.0 920.0 900.0 880.0 860.0 840.0 820.0 800.0 780.0 760.0 740.0 720.0 700.0 680.0 660.0 640.0 620.0
2000.0 1980.0 1960.0 1940.0 1920.0 1900.0 1880.0 1860.0 1840.0 1820.0 1800.0 1780.0 1760.0 1740.0 1720.0 1700.0 1680.0 1660.0 1640.0 1620.0 1600.0 1580.0 1560.0 1540.0 1520.0 1500.0 1480.0 1460.0 1440.0 1420.0 1400.0 1380.0 1360.0 1340.0 1320.0 1300.0 1280.0 1260.0 1240.0 1220.0 1200.0 1180.0 1160.0 1140.0 1120.0 1100.0 1080.0 1060.0 1040.0 1020.0 1000.0 980.0 960.0 940.0 920.0 900.0 880.0 860.0 840.0 820.0 800.0 780.0 760.0 740.0 720.0 700.0 680.0 660.0 640.0 620.0
2000.0 1980.0 1960.0 1940.0 1920.0 1900.0 1880.0 1860.0 1840.0 1820.0 1800.0 1780.0 1760.0 1740.0 1720.0 1700.0 1680.0 1660.0 1640.0 1620.0 1600.0 1580.0 1560.0 1540.0 1520.0 1500.0 1480.0 1460.0 1440.0 1420.0 1400.0 1380.0 1360.0 1340.0 1320.0 1300.0 1280.0 1260.0 1240.0 1220.0 1200.0 1180.0 1160.0 1140.0 1120.0 1100.0 1080.0 1060.0 1040.0 1020.0 1000.0 980.0 960.0 940.0 920.0 900.0 880.0 860.0 840.0 820.0 800.0 780.0 760.0 740.0 720.0 700.0 680.0 660.0 640.0 620.0
2000.0 1980.0 1960.0 1940.0 1920.0 1900.0 1880.0 1860.0 1840.0 1820.0 1800.0 1780.0 1760.0 1740.0 1720.0 1700.0 1680.0 1660.0 1640.0 1620.0 1600.0 1580.0 1560.0 1540.0 1520.0 1500.0 1480.0 1460.0 1440.0 1420.0 1400.0 1380.0 1360.0 1340.0 1320.0 1300.0 1280.0 1260.0 1240.0 1220.0 1200.0 1180.0 1160.0 1140.0 1120.0 1100.0 1080.0 1060.0 1040.0 1020.0 1000.0 980.0 960.0 940.0 920.0 900.0 880.0 860.0 840.0 820.0 800.0 780.0 760.0 740.0 720.0 700.0 680.0 660.0 640.0 620.0
2000.0 1980.0 1960.0 1940.0 1920.0 1900.0 1880.0 1860.0 1840.0 1820.0 1800.0 1780.0 1760.0 1740.0 1720.0 1700.0 1680.0 1660.0 1640.0 1620.0 1600.0 1580.0 1560.0 1540.0 1520.0 1500.0 1480.0 1460.0 1440.0 1420.0 1400.0 1380.0 1360.0 1340.0 1320.0 1300.0 1280.0 1260.0 1240.0 1220.0 1200.0 1180.0 1160.0 1140.0 1120.0 1100.0 1080.0 1060.0 1040.0 1020.0 1000.0 980.0 960.0 940.0 920.0 900.0 880.0 860.0 840.0 820.0 800.0 780.0 760.0 740.0 720.0 700.0 680.0 660.0 640.0 620.0
2000.0 1980.0 1960.0 1940.0 1920.0 1900.0 1880.0 1860.0 1840.0 1820.0 1800.0 1780.0 1760.0 1740.0 1720.0 1700.0 1680.0 1660.0 1640.0 1620.0 1600.0 1580.0 1560.0 1540.0 1520.0 1500.0 1480.0 1460.0 1440.0 1420.0 1400.0 1380.0 1360.0 1340.0 1320.0 1300.0 1280.0 1260.0 1240.0 1220.0 1200.0 1180.0 1160.0 1140.0 1120.0 1100.0 1080.0 1060.0 1040.0 1020.0 1000.0 980.0 960.0 940.0 920.0 900.0 880.0 860.0 840.0 820.0 800.0 780.0 760.0 740.0 720.0 700.0 680.0 660.0 640.0 620.0
2000.0 1980.0 1960.0 1940.0 1920.0 1900.0 1880.0 1860.0 1840.0 1820.0 1800.0 1780.0 1760.0 1740.0 1720.0 1700.0 1680.0 1660.0 1640.0 1620.0 1600.0 1580.0 1560.0 1540.0 1520.0 1500.0 1480.0 1460.0 1440.0 1420.0 1400.0 1380.0 1360.0 1340.0 1320.0 1300.0 1280.0 1260.0 1240.0 1220.0 1200.0 1180.0 1160.0 1140.0 1120.0 1100.0 1080.0 1060.0 1040.0 1020.0 1000.0 980.0 960.0 940.0 920.0 900.0 880.0 860.0 840.0 820.0 800.0 780.0 760.0 740.0 720.0 700.0 680.0 660.0 640.0 620.0
2000.0 1980.0 1960.0 1940.0 1920.0 1900.0 1880.0 1860.0 1840.0 1820.0 1800.0 1780.0 1760.0 1740.0 1720.0 1700.0 1680.0 1660.0 1640.0 1620.0 1600.0 1580.0 1560.0 1540.0 1520.0 1500.0 1480.0 1460.0 1440.0 1420.0 1400.0 1380.0 1360.0 1340.0 1320.0 1300.0 1280.0 1260.0 1240.0 1220.0 1200.0 1180.0 1160.0 1140.0 1120.0 1100.0 1080.0 1060.0 1040.0 1020.0 1000.0 980.0 960.0 940.0 920.0 900.0 880.0 860.0 840.0 820.0 800.0 780.0 760.0 740.0 720.0 700.0 680.0 660.0 640.0 620.0
2000.0 1980.0 1960.0 1940.0 1920.0 1900.0 1880.0 1860.0 1840.0 1820.0 1800.0 1780.0 1760.0 1740.0 1720.0 1700.0 1680.0 1660.0 1640.0 1620.0 1600.0 1580.0 1560.0 1540.0 1520.0 1500.0 1480.0 1460.0 1440.0 1420.0 1400.0 1380.0 1360.0 1340.0 1320.0 1300.0 1280.0 1260.0 1240.0 1220.0 1200.0 1180.0 1160.0 1140.0 1120.0 1100.0 1080.0 1060.0 1040.0 1020.0 1000.0 980.0 960.0 940.0 920.0 900.0 880.0 860.0 840.0 820.0 800.0 780.0 760.0 740.0 720.0 700.0 680.0 660.0 640.0 620.0
2000.0 1980.0 1960.0 1940.0 1920.0 1900.0 1880.0 1860.0 1840.0 1820.0 1800.0 1780.0 1760.0 1740.0 1720.0 1700.0 1680.0 1660.0 1640.0 1620.0 1600.0 1580.0 1560.0 1540.0 1520.0 1500.0 1480.0 1460.0 1440.0 1420.0 1400.0 1380.0 1360.0 1340.0 1320.0 1300.0 1280.0 1260.0 1240.0 1220.0 1200.0 1180.0 1160.0 1140.0 1120.0 1100.0 1080.0 1060.0 1040.0 1020.0 1000.0 980.0 960.0 940.0 920.0 900.0 880.0 860.0 840.0 820.0 800.0 780.0 760.0 740.0 720.0 700.0 680.0 660.0 640.0 620.0
2000.0 1980.0 1960.0 1940.0 1920.0 1900.0 1880.0 1860.0 1840.0 1820.0 1800.0 1780.0 1760.0 1740.0 1720.0 1700.0 1680.0 1660.0 1640.0 1620.0 1600.0 1580.0 1560.0 1540.0 1520.0 1500.0 1480.0 1460.0 1440.0 1420.0 1400.0 1380.0 1360.0 1340.0 1320.0 1300.0 1280.0 1260.0 1240.0 1220.0 1200.0 1180.0 1160.0 1140.0 1120.0 1100.0 1080.0 1060.0 1040.0 1020.0 1000.0 980.0 960.0 940.0 920.0 900.0 880.0 860.0 840.0 820.0 800.0 780.0 760.0 740.0 720.0 700.0 680.0 660.0 640.0 620.0
2000.0 1980.0 1960.0 1940.0 1920.0 1900.0 1880.0 1860.0 1840.0 1820.0 1800.0 1780.0 1760.0 1740.0 1720.0 1700.0 1680.0 1660.0 1640.0 1620.0 1600.0 1580.0 1560.0 1540.0 1520.0 1500.0 1480.0 1460.0 1440.0 1420.0 1400.0 1380.0 1360.0 1340.0 1320.0 1300.0 1280.0 1260.0 1240.0 1220.0 1200.0 1180.0 1160.0 1140.0 1120.0 1100.0 1080.0 1060.0 1040.0 1020.0 1000.0 980.0 960.0 940.0 920.0 900.0 880.0 860.0 840.0 820.0 800.0 780.0 760.0 740.0 720.0 700.0 680.0 660.0 640.0 620.0
2000.0 1980.0 1960.0 1940.0 1920.0 1900.0 1880.0 1860.0 1840.0 1820.0 1800.0 1780.0 1760.0 1740.0 1720.0 1700.0 1680.0 1660.0 1640.0 1620.0 1600.0 1580.0 1560.0 1540.0 1520.0 1500.0 1480.0 1460.0 1440.0 1420.0 1400.0 1380.0 1360.0 1340.0 1320.0 1300.0 1280.0 1260.0 1240.0 1220.0 1200.0 1180.0 1160.0 1140.0 1120.0 1100.0 1080.0 1060.0 1040.0 1020.0 1000.0 980.0 960.0 940.0 920.0 900.0 880.0 860.0 840.0 820.0 800.0 780.0 760.0 740.0 720.0 700.0 680.0 660.0 640.0 620.0
