synthetic-slope-elliptic-hemisphere/constant/gisdata/dem.asc
ncols 101
nrows 101
xllcorner -1000.0
yllcorner -1000.0
cellsize 20.0
NODATA_value -9999
[rows 31 to 61 of 101, columns 0 to 69 of 101]
2000.0 1980.0 1960.0 1940.0 1920.0 1900.0 1880.0 1860.0 1840.0 1820.0 1800.0 1780.0 1760.0 1740.0 1720.0 1700.0 1680.0 1660.0 1640.0 1620.0 1600.0 1580.0 1560.0 1540.0 1520.0 1500.0 1480.0 1460.0 1440.0 1420.0 1400.0 1380.0 1360.0 1340.0 1320.0 1300.0 1280.0 1260.0 1240.0 1220.0 1200.0 1180.0 1160.0 1140.0 1120.0 1100.0 1080.0 1060.0 1040.0 1020.0 1000.0 980.0 960.0 940.0 920.0 900.0 880.0 860.0 840.0 820.0 800.0 780.0 760.0 740.0 720.0 700.0 680.0 660.0 640.0 620.0
2000.0 1980.0 1960.0 1940.0 1920.0 1900.0 1880.0 1860.0 1840.0 1820.0 1800.0 1780.0 1760.0 1740.0 1720.0 1700.0 1680.0 1660.0 1640.0 1620.0 1600.0 1580.0 1560.0 1540.0 1520.0 1500.0 1480.0 1460.0 1440.0 1420.0 1400.0 1380.0 1360.0 1340.0 1320.0 1300.0 1280.0 1260.0 1240.0 1220.0 1200.0 1180.0 1160.0 1140.0 1120.0 1100.0 1080.0 1060.0 1040.0 1020.0 1000.0 980.0 960.0 940.0 920.0 900.0 880.0 860.0 840.0 820.0 800.0 780.0 760.0 740.0 720.0 700.0 680.0 660.0 640.0 620.0
2000.0 1980.0 1960.0 1940.0 1920.0 1900.0 1880.0 1860.0 1840.0 1820.0 1800.0 1780.0 1760.0 1740.0 1720.0 1700.0 1680.0 1660.0 1640.0 1620.0 1600.0 1580.0 1560.0 1540.0 1520.0 1500.0 1480.0 1460.0 1440.0 1420.0 1400.0 1380.0 1360.0 1340.0 1320.0 1300.0 1280.0 1260.0 1240.0 1220.0 1200.0 1180.0 1160.0 1140.0 1120.0 1100.0 1080.0 1060.0 1040.0 1020.0 1000.0 980.0 960.0 940.0 920.0 900.0 880.0 860.0 840.0 820.0 800.0 780.0 760.0 740.0 720.0 700.0 680.0 660.0 640.0 620.0
2000.0 1980.0 1960.0 1940.0 1920.0 1900.0 1880.0 1860.0 1840.0 1820.0 1800.0 1780.0 1760.0 1740.0 1720.0 1700.0 1680.0 1660.0 1640.0 1620.0 1600.0 1580.0 1560.0 1540.0 1520.0 1500.0 1480.0 1460.0 1440.0 1420.0 1400.0 1380.0 1360.0 1340.0 1320.0 1300.0 1280.0 1260.0 1240.0 1220.0 1200.0 1180.0 1160.0 1140.0 1120.0 1100.0 1080.0 1060.0 1040.0 1020.0 1000.0 980.0 960.0 940.0 920.0 900.0 880.0 860.0 840.0 820.0 800.0 780.0 760.0 740.0 720.0 700.0 680.0 660.0 640.0 620.0
2000.0 1980.0 1960.0 1940.0 1920.0 1900.0 1880.0 1860.0 1840.0 1820.0 1800.0 1780.0 1760.0 1740.0 1720.0 1700.0 1680.0 1660.0 1640.0 1620.0 1600.0 1580.0 1560.0 1540.0 1520.0 1500.0 1480.0 1460.0 1440.0 1420.0 1400.0 1380.0 1360.0 1340.0 1320.0 1300.0 1280.0 1260.0 1240.0 1220.0 1200.0 1180.0 1160.0 1140.0 1120.0 1100.0 1080.0 1060.0 1040.0 1020.0 1000.0 980.0 960.0 940.0 920.0 900.0 880.0 860.0 840.0 820.0 800.0 780.0 760.0 740.0 720.0 700.0 680.0 660.0 640.0 620.0
2000.0 1980.0 1960.0 1940.0 1920.0 1900.0 1880.0 1860.0 1840.0 1820.0 1800.0 1780.0 1760.0 1740.0 1720.0 1700.0 1680.0 1660.0 1640.0 1620.0 1600.0 1580.0 1560.0 1540.0 1520.0 1500.0 1480.0 1460.0 1440.0 1420.0 1400.0 1380.0 1360.0 1340.0 1320.0 1300.0 1280.0 1260.0 1240.0 1220.0 1200.0 1180.0 1160.0 1140.0 1120.0 1100.0 1080.0 1060.0 1040.0 1020.0 1000.0 980.0 960.0 940.0 920.0 900.0 880.0 860.0 840.0 820.0 800.0 780.0 760.0 740.0 720.0 700.0 680.0 660.0 640.0 620.0
2000.0 1980.0 1960.0 1940.0 1920.0 1900.0 1880.0 1860.0 1840.0 1820.0 1800.0 1780.0 1760.0 1740.0 1720.0 1700.0 1680.0 1660.0 1640.0 1620.0 1600.0 1580.0 1560.0 1540.0 1520.0 1500.0 1480.0 1460.0 1440.0 1420.0 1400.0 1380.0 1360.0 1340.0 1320.0 1300.0 1280.0 1260.0 1240.0 1220.0 1200.0 1180.0 1160.0 1140.0 1120.0 1100.0 1080.0 1060.0 1040.0 1020.0 1000.0 980.0 960.0 940.0 920.0 900.0 880.0 860.0 840.0 820.0 800.0 780.0 760.0 740.0 720.0 700.0 680.0 660.0 640.0 620.0
2000.0 1980.0 1960.0 1940.0 1920.0 1900.0 1880.0 1860.0 1840.0 1820.0 1800.0 1780.0 1760.0 1740.0 1720.0 1700.0 1680.0 1660.0 1640.0 1620.0 1600.0 1580.0 1560.0 1540.0 1520.0 1500.0 1480.0 1460.0 1440.0 1420.0 1400.0 1380.0 1360.0 1340.0 1320.0 1300.0 1280.0 1260.0 1240.0 1220.0 1200.0 1180.0 1160.0 1140.0 1120.0 1100.0 1080.0 1060.0 1040.0 1020.0 1000.0 980.0 960.0 940.0 920.0 900.0 880.0 860.0 840.0 820.0 800.0 780.0 760.0 740.0 720.0 700.0 680.0 660.0 640.0 620.0
2000.0 1980.0 1960.0 1940.0 1920.0 1900.0 1880.0 1860.0 1840.0 1820.0 1800.0 1780.0 1760.0 1740.0 1720.0 1700.0 1680.0 1660.0 1640.0 1620.0 1600.0 1580.0 1560.0 1540.0 1520.0 1500.0 1480.0 1460.0 1440.0 1420.0 1400.0 1380.0 1360.0 1340.0 1320.0 1300.0 1280.0 1260.0 1240.0 1220.0 1200.0 1180.0 1160.0 1140.0 1120.0 1100.0 1080.0 1060.0 1040.0 1020.0 1000.0 980.0 960.0 940.0 920.0 900.0 880.0 860.0 840.0 820.0 800.0 780.0 760.0 740.0 720.0 700.0 680.0 660.0 640.0 620.0
2000.0 1980.0 1960.0 1940.0 1920.0 1900.0 1880.0 1860.0 1840.0 1820.0 1800.0 1780.0 1760.0 1740.0 1720.0 1700.0 1680.0 1660.0 1640.0 1620.0 1600.0 1580.0 1560.0 1540.0 1520.0 1500.0 1480.0 1460.0 1440.0 1420.0 1400.0 1380.0 1360.0 1340.0 1320.0 1300.0 1280.0 1260.0 1240.0 1220.0 1200.0 1180.0 1160.0 1140.0 1120.0 1100.0 1080.0 1060.0 1040.0 1020.0 1000.0 980.0 960.0 940.0 920.0 900.0 880.0 860.0 840.0 820.0 800.0 780.0 760.0 740.0 720.0 700.0 680.0 660.0 640.0 620.0
2000.0 1980.0 1960.0 1940.0 1920.0 1900.0 1880.0 1860.0 1840.0 1820.0 1800.0 1780.0 1760.0 1740.0 1720.0 1700.0 1680.0 1660.0 1640.0 1620.0 1600.0 1580.0 1560.0 1540.0 1520.0 1500.0 1480.0 1460.0 1440.0 1420.0 1400.0 1380.0 1360.0 1340.0 1320.0 1300.0 1280.0 1260.0 1240.0 1220.0 1200.0 1180.0 1160.0 1140.0 1120.0 1100.0 1045.3589838486225 996.7544467966325 962.5403330758517 935.1471862576143 912.8220211291865 895.1471862576143 882.5403330758517 876.7544467966325 885.3589838486224 900.0 880.0 860.0 840.0 820.0 800.0 780.0 760.0 740.0 720.0 700.0 680.0 660.0 640.0 620.0
2000.0 1980.0 1960.0 1940.0 1920.0 1900.0 1880.0 1860.0 1840.0 1820.0 1800.0 1780.0 1760.0 1740.0 1720.0 1700.0 1680.0 1660.0 1640.0 1620.0 1600.0 1580.0 1560.0 1540.0 1520.0 1500.0 1480.0 1460.0 1440.0 1420.0 1400.0 1380.0 1360.0 1340.0 1320.0 1300.0 1280.0 1260.0 1240.0 1220.0 1200.0 1180.0 1160.0 1140.0 1120.0 1033.667504192892 990.5572809000084 956.0769515458674 926.8629150101524 901.6784043380077 880.0 861.6784043380077 846.8629150101524 836.0769515458674 830.5572809000084 833.667504192892 880.0 860.0 840.0 820.0 800.0 780.0 760.0 740.0 720.0 700.0 680.0 660.0 640.0 620.0
2000.0 1980.0 1960.0 1940.0 1920.0 1900.0 1880.0 1860.0 1840.0 1820.0 1800.0 1780.0 1760.0 1740.0 1720.0 1700.0 1680.0 1660.0 1640.0 1620.0 1600.0 1580.0 1560.0 1540.0 1520.0 1500.0 1480.0 1460.0 1440.0 1420.0 1400.0 1380.0 1360.0 1340.0 1320.0 1300.0 1280.0 1260.0 1240.0 1220.0 1200.0 1180.0 1160.0 1111.715728752538 1042.5403330758518 998.0196097281444 961.6784043380077 930.3851860318427 902.8869079919791 878.5786437626905 857.171431429143 838.5786437626905 822.8869079919791 810.3851860318427 801.6784043380077 798.0196097281444 802.5403330758517 831.7157287525381 840.0 820.0 800.0 780.0 760.0 740.0 720.0 700.0 680.0 660.0 640.0 620.0
2000.0 1980.0 1960.0 1940.0 1920.0 1900.0 1880.0 1860.0 1840.0 1820.0 1800.0 1780.0 1760.0 1740.0 1720.0 1700.0 1680.0 1660.0 1640.0 1620.0 1600.0 1580.0 1560.0 1540.0 1520.0 1500.0 1480.0 1460.0 1440.0 1420.0 1400.0 1380.0 1360.0 1340.0 1320.0 1300.0 1280.0 1260.0 1240.0 1220.0 1200.0 1180.0 1160.0 1062.5403330758518 1014.1699475574164 975.100040032032 941.4359353944898 911.6760302580867 885.0806661517033 861.2549213361245 840.0 821.2549213361245 805.0806661517033 791.6760302580867 781.4359353944898 775.100040032032 774.1699475574164 782.5403330758517 840.0 820.0 800.0 780.0 760.0 740.0 720.0 700.0 680.0 660.0 640.0 620.0
2000.0 1980.0 1960.0 1940.0 1920.0 1900.0 1880.0 1860.0 1840.0 1820.0 1800.0 1780.0 1760.0 1740.0 1720.0 1700.0 1680.0 1660.0 1640.0 1620.0 1600.0 1580.0 1560.0 1540.0 1520.0 1500.0 1480.0 1460.0 1440.0 1420.0 1400.0 1380.0 1360.0 1340.0 1320.0 1300.0 1280.0 1260.0 1240.0 1220.0 1200.0 1180.0 1093.667504192892 1038.0196097281444 995.100040032032 958.5786437626905 926.3770850426279 897.5192319072808 871.4770045364728 847.9534946591475 826.7949192431123 807.9534946591475 791.4770045364728 777.5192319072808 766.3770850426279 758.5786437626905 755.100040032032 758.0196097281444 773.667504192892 820.0 800.0 780.0 760.0 740.0 720.0 700.0 680.0 660.0 640.0 620.0
2000.0 1980.0 1960.0 1940.0 1920.0 1900.0 1880.0 1860.0 1840.0 1820.0 1800.0 1780.0 1760.0 1740.0 1720.0 1700.0 1680.0 1660.0 1640.0 1620.0 1600.0 1580.0 1560.0 1540.0 1520.0 1500.0 1480.0 1460.0 1440.0 1420.0 1400.0 1380.0 1360.0 1340.0 1320.0 1300.0 1280.0 1260.0 1240.0 1220.0 1200.0 1145.3589838486225 1070.5572809000084 1021.6784043380077 981.4359353944898 946.3770850426279 915.0757749752936 886.7949192431123 861.1145618000169 837.7913284171141 816.6969722017664 797.7913284171141 781.1145618000169 766.7949192431123 755.0757749752936 746.3770850426279 741.4359353944898 741.6784043380077 750.5572809000084 785.3589838486224 800.0 780.0 760.0 740.0 720.0 700.0 680.0 660.0 640.0 620.0
2000.0 1980.0 1960.0 1940.0 1920.0 1900.0 1880.0 1860.0 1840.0 1820.0 1800.0 1780.0 1760.0 1740.0 1720.0 1700.0 1680.0 1660.0 1640.0 1620.0 1600.0 1580.0 1560.0 1540.0 1520.0 1500.0 1480.0 1460.0 1440.0 1420.0 1400.0 1380.0 1360.0 1340.0 1320.0 1300.0 1280.0 1260.0 1240.0 1220.0 1200.0 1116.7544467966325 1056.0769515458674 1010.3851860318427 971.6760302580867 937.5192319072808 906.7949192431123 878.8922972372517 853.4524189382237 830.2633403898973 809.2121597166108 790.2633403898973 773.4524189382237 758.8922972372517 746.7949192431123 737.5192319072808 731.6760302580867 730.3851860318427 736.0769515458674 756.7544467966325 800.0 780.0 760.0 740.0 720.0 700.0 680.0 660.0 640.0 620.0
2000.0 1980.0 1960.0 1940.0 1920.0 1900.0 1880.0 1860.0 1840.0 1820.0 1800.0 1780.0 1760.0 1740.0 1720.0 1700.0 1680.0 1660.0 1640.0 1620.0 1600.0 1580.0 1560.0 1540.0 1520.0 1500.0 1480.0 1460.0 1440.0 1420.0 1400.0 1380.0 1360.0 1340.0 1320.0 1300.0 1280.0 1260.0 1240.0 1220.0 1200.0 1102.5403330758518 1046.8629150101524 1002.8869079919791 965.0806661517033 931.4770045364728 901.1145618000169 873.4524189382237 848.1667390674912 825.0641131038208 804.0408205773458 785.0641131038208 768.1667390674912 753.4524189382237 741.1145618000169 731.4770045364728 725.0806661517033 722.8869079919791 726.8629150101524 742.5403330758517 800.0 780.0 760.0 740.0 720.0 700.0 680.0 660.0 640.0 620.0
2000.0 1980.0 1960.0 1940.0 1920.0 1900.0 1880.0 1860.0 1840.0 1820.0 1800.0 1780.0 1760.0 1740.0 1720.0 1700.0 1680.0 1660.0 1640.0 1620.0 1600.0 1580.0 1560.0 1540.0 1520.0 1500.0 1480.0 1460.0 1440.0 1420.0 1400.0 1380.0 1360.0 1340.0 1320.0 1300.0 1280.0 1260.0 1240.0 1220.0 1200.0 1095.1471862576143 1041.6784043380076 998.5786437626905 961.2549213361245 927.9534946591475 897.7913284171141 870.2633403898973 845.0641131038208 822.0101012677667 801.002512578676 782.0101012677667 765.0641131038208 750.2633403898973 737.7913284171141 727.9534946591475 721.2549213361245 718.5786437626905 721.6784043380077 735.1471862576143 800.0 780.0 760.0 740.0 720.0 700.0 680.0 660.0 640.0 620.0
2000.0 1980.0 1960.0 1940.0 1920.0 1900.0 1880.0 1860.0 1840.0 1820.0 1800.0 1780.0 1760.0 1740.0 1720.0 1700.0 1680.0 1660.0 1640.0 1620.0 1600.0 1580.0 1560.0 1540.0 1520.0 1500.0 1480.0 1460.0 1440.0 1420.0 1400.0 1380.0 1360.0 1340.0 1320.0 1300.0 1280.0 1260.0 1240.0 1220.0 1200.0 1092.8220211291866 1040.0 997.171431429143 960.0 926.7949192431123 896.6969722017664 869.2121597166108 844.0408205773458 821.002512578676 800.0 781.002512578676 764.0408205773458 749.2121597166108 736.6969722017664 726.7949192431123 720.0 717.171431429143 720.0 732.8220211291865 800.0 780.0 760.0 740.0 720.0 700.0 680.0 660.0 640.0 620.0
2000.0 1980.0 1960.0 1940.0 1920.0 1900.0 1880.0 1860.0 1840.0 1820.0 1800.0 1780.0 1760.0 1740.0 1720.0 1700.0 1680.0 1660.0 1640.0 1620.0 1600.0 1580.0 1560.0 1540.0 1520.0 1500.0 1480.0 1460.0 1440.0 1420.0 1400.0 1380.0 1360.0 1340.0 1320.0 1300.0 1280.0 1260.0 1240.0 1220.0 1200.0 1095.1471862576143 1041.6784043380076 998.5786437626905 961.2549213361245 927.9534946591475 897.7913284171141 870.2633403898973 845.0641131038208 822.0101012677667 801.002512578676 782.0101012677667 765.0641131038208 750.2633403898973 737.7913284171141 727.9534946591475 721.2549213361245 718.5786437626905 721.6784043380077 735.1471862576143 800.0 780.0 760.0 740.0 720.0 700.0 680.0 660.0 640.0 620.0
2000.0 1980.0 1960.0 1940.0 1920.0 1900.0 1880.0 1860.0 1840.0 1820.0 1800.0 1780.0 1760.0 1740.0 1720.0 1700.0 1680.0 1660.0 1640.0 1620.0 1600.0 1580.0 1560.0 1540.0 1520.0 1500.0 1480.0 1460.0 1440.0 1420.0 1400.0 1380.0 1360.0 1340.0 1320.0 1300.0 1280.0 1260.0 1240.0 1220.0 1200.0 1102.5403330758518 1046.8629150101524 1002.8869079919791 965.0806661517033 931.4770045364728 901.1145618000169 873.4524189382237 848.1667390674912 825.0641131038208 804.0408205773458 785.0641131038208 768.1667390674912 753.4524189382237 741.1145618000169 731.4770045364728 725.0806661517033 722.8869079919791 726.8629150101524 742.5403330758517 800.0 780.0 760.0 740.0 720.0 700.0 680.0 660.0 640.0 620.0
2000.0 1980.0 1960.0 1940.0 1920.0 1900.0 1880.0 1860.0 1840.0 1820.0 1800.0 1780.0 1760.0 1740.0 1720.0 1700.0 1680.0 1660.0 1640.0 1620.0 1600.0 1580.0 1560.0 1540.0 1520.0 1500.0 1480.0 1460.0 1440.0 1420.0 1400.0 1380.0 1360.0 1340.0 1320.0 1300.0 1280.0 1260.0 1240.0 1220.0 1200.0 1116.7544467966325 1056.0769515458674 1010.3851860318427 971.6760302580867 937.5192319072808 906.7949192431123 878.8922972372517 853.4524189382237 830.2633403898973 809.2121597166108 790.2633403898973 773.4524189382237 758.8922972372517 746.7949192431123 737.5192319072808 731.6760302580867 730.3851860318427 736.0769515458674 756.7544467966325 800.0 780.0 760.0 740.0 720.0 700.0 680.0 660.0 640.0 620.0
2000.0 1980.0 1960.0 1940.0 1920.0 1900.0 1880.0 1860.0 1840.0 1820.0 1800.0 1780.0 1760.0 1740.0 1720.0 1700.0 1680.0 1660.0 1640.0 1620.0 1600.0 1580.0 1560.0 1540.0 1520.0 1500.0 1480.0 1460.0 1440.0 1420.0 1400.0 1380.0 1360.0 1340.0 1320.0 1300.0 1280.0 1260.0 1240.0 1220.0 1200.0 1145.3589838486225 1070.5572809000084 1021.6784043380077 981.4359353944898 946.3770850426279 915.0757749752936 886.7949192431123 861.1145618000169 837.7913284171141 816.6969722017664 797.7913284171141 781.1145618000169 766.7949192431123 755.0757749752936 746.3770850426279 741.4359353944898 741.6784043380077 750.5572809000084 785.3589838486224 800.0 780.0 760.0 740.0 720.0 700.0 680.0 660.0 640.0 620.0
2000.0 1980.0 1960.0 1940.0 1920.0 1900.0 1880.0 1860.0 1840.0 1820.0 1800.0 1780.0 1760.0 1740.0 1720.0 1700.0 1680.0 1660.0 1640.0 1620.0 1600.0 1580.0 1560.0 1540.0 1520.0 1500.0 1480.0 1460.0 1440.0 1420.0 1400.0 1380.0 1360.0 1340.0 1320.0 1300.0 1280.0 1260.0 1240.0 1220.0 1200.0 1180.0 1093.667504192892 1038.0196097281444 995.100040032032 958.5786437626905 926.3770850426279 897.5192319072808 871.4770045364728 847.9534946591475 826.7949192431123 807.9534946591475 791.4770045364728 777.5192319072808 766.3770850426279 758.5786437626905 755.100040032032 758.0196097281444 773.667504192892 820.0 800.0 780.0 760.0 740.0 720.0 700.0 680.0 660.0 640.0 620.0
2000.0 1980.0 1960.0 1940.0 1920.0 1900.0 1880.0 1860.0 1840.0 1820.0 1800.0 1780.0 1760.0 1740.0 1720.0 1700.0 1680.0 1660.0 1640.0 1620.0 1600.0 1580.0 1560.0 1540.0 1520.0 1500.0 1480.0 1460.0 1440.0 1420.0 1400.0 1380.0 1360.0 1340.0 1320.0 1300.0 1280.0 1260.0 1240.0 1220.0 1200.0 1180.0 1160.0 1062.5403330758518 1014.1699475574164 975.100040032032 941.4359353944898 911.6760302580867 885.0806661517033 861.2549213361245 840.0 821.2549213361245 805.0806661517033 791.6760302580867 781.4359353944898 775.100040032032 774.1699475574164 782.5403330758517 840.0 820.0 800.0 780.0 760.0 740.0 720.0 700.0 680.0 660.0 640.0 620.0
2000.0 1980.0 1960.0 1940.0 1920.0 1900.0 1880.0 1860.0 1840.0 1820.0 1800.0 1780.0 1760.0 1740.0 1720.0 1700.0 1680.0 1660.0 1640.0 1620.0 1600.0 1580.0 1560.0 1540.0 1520.0 1500.0 1480.0 1460.0 1440.0 1420.0 1400.0 1380.0 1360.0 1340.0 1320.0 1300.0 1280.0 1260.0 1240.0 1220.0 1200.0 1180.0 1160.0 1111.715728752538 1042.5403330758518 998.0196097281444 961.6784043380077 930.3851860318427 902.8869079919791 878.5786437626905 857.171431429143 838.5786437626905 822.8869079919791 810.3851860318427 801.6784043380077 798.0196097281444 802.5403330758517 831.7157287525381 840.0 820.0 800.0 780.0 760.0 740.0 720.0 700.0 680.0 660.0 640.0 620.0
2000.0 1980.0 1960.0 1940.0 1920.0 1900.0 1880.0 1860.0 1840.0 1820.0 1800.0 1780.0 1760.0 1740.0 1720.0 1700.0 1680.0 1660.0 1640.0 1620.0 1600.0 1580.0 1560.0 1540.0 1520.0 1500.0 1480.0 1460.0 1440.0 1420.0 1400.0 1380.0 1360.0 1340.0 1320.0 1300.0 1280.0 1260.0 1240.0 1220.0 1200.0 1180.0 1160.0 1140.0 1120.0 1033.667504192892 990.5572809000084 956.0769515458674 926.8629150101524 901.6784043380077 880.0 861.6784043380077 846.8629150101524 836.0769515458674 830.5572809000084 833.667504192892 880.0 860.0 840.0 820.0 800.0 780.0 760.0 740.0 720.0 700.0 680.0 660.0 640.0 620.0
2000.0 1980.0 1960.0 1940.0 1920.0 1900.0 1880.0 1860.0 1840.0 1820.0 1800.0 1780.0 1760.0 1740.0 1720.0 1700.0 1680.0 1660.0 1640.0 1620.0 1600.0 1580.0 1560.0 1540.0 1520.0 1500.0 1480.0 1460.0 1440.0 1420.0 1400.0 1380.0 1360.0 1340.0 1320.0 1300.0 1280.0 1260.0 1240.0 1220.0 1200.0 1180.0 1160.0 1140.0 1120.0 1100.0 1045.3589838486225 996.7544467966325 962.5403330758517 935.1471862576143 912.8220211291865 895.1471862576143 882.5403330758517 876.7544467966325 885.3589838486224 900.0 880.0 860.0 840.0 820.0 800.0 780.0 760.0 740.0 720.0 700.0 680.0 660.0 640.0 620.0
2000.0 1980.0 1960.0 1940.0 1920.0 1900.0 1880.0 1860.0 1840.0 1820.0 1800.0 1780.0 1760.0 1740.0 1720.0 1700.0 1680.0 1660.0 1640.0 1620.0 1600.0 1580.0 1560.0 1540.0 1520.0 1500.0 1480.0 1460.0 1440.0 1420.0 1400.0 1380.0 1360.0 1340.0 1320.0 1300.0 1280.0 1260.0 1240.0 1220.0 1200.0 1180.0 1160.0 1140.0 1120.0 1100.0 1080.0 1060.0 1040.0 1020.0 1000.0 980.0 960.0 940.0 920.0 900.0 880.0 860.0 840.0 820.0 800.0 780.0 760.0 740.0 720.0 700.0 680.0 660.0 640.0 620.0
2000.0 1980.0 1960.0 1940.0 1920.0 1900.0 1880.0 1860.0 1840.0 1820.0 1800.0 1780.0 1760.0 1740.0 1720.0 1700.0 1680.0 1660.0 1640.0 1620.0 1600.0 1580.0 1560.0 1540.0 1520.0 1500.0 1480.0 1460.0 1440.0 1420.0 1400.0 1380.0 1360.0 1340.0 1320.0 1300.0 1280.0 1260.0 1240.0 1220.0 1200.0 1180.0 1160.0 1140.0 1120.0 1100.0 1080.0 1060.0 1040.0 1020.0 1000.0 980.0 960.0 940.0 920.0 900.0 880.0 860.0 840.0 820.0 800.0 780.0 760.0 740.0 720.0 700.0 680.0 660.0 640.0 620.0
